1335801563674889
1335958683659177
1335930956995283
1335904820331230
1335885236999855
1335866740335038
1335830200338692
1335809877007391
1335703543684691
1335683753686670
1335505193704526
1335400580381654
1335446333710412
1335421683712877
1335379597050419
1335359677052411
1335312077057171
1335310447057334
797073881772744
1335267870394925
1335233197065059
1335210030400709
1334876587100720
1334865400435172
1334957113759334
1334929730428739
1334925187095860
1334884713766574
1334903787098000
1334862620435450
1334800263775019
1334778573777188
1334757807112598
1334498367138542
1334496033805442
1334486903806355
1332782823976763
1334455753809470
1334414800480232
1334355553819490
1334341340487578
1334318293823216
1334133067175072
1333383447250034
1334040990517613
1334026673852378
1333915937196785
1333904150531297
1333682700553442
1333672780554434
1333668557221523
1333545917233787
1333379827250396
1333572023897843
1333386787249700
1333366727251706
1333391347249244
1333373343917711
1333351200586592
1333199580601754
1333310717257307
1332981100623602
1333020663952979
1332988847289494
1333035900618122
1332977167290662
1332963157292063
1332896157298763
1332792317309147
1332842150637497
1332530407335338
1332580603996985
1332745083980537
1332532857335093
1331777004077345
1332448744010171
1332451040676608
1332447067343672
1332423597346019
1332344527353926
1332227277365651
1332197410701971
1331993357389043
1331775554077490
1331864657401913
1331846000737112
1331827934072252
1331785300743182
1331732847415094
1331703574084688
1331679460753766
1331482090773503
1331262944128751
1331378767450502
1331398977448481
1331335404121505
1331334667454912
1331288097459569
1331208487467530
1331171137471265
1330977054157340
1330773580844354
1330850550836657
1330840910837621
1330754557512923
1330805500841162
1330721780849534
1329277484327297
1330583230863389
1330434847544894
1329511314303914
1330294037558975
1330254987562880
1329830964271949
1329828747605504
1330078264247219
1329822437606135
1329803734274672
1329992277589151
1329509917637387
1329729217615457
1329666327621746
1329642224290823
1329281130993599
1329272474327798
1329480984306947
1329269534328092
1329256800996032
1329071821014530
1329046267683752
1329106467677732
1329098251011887
1326686957919683
1329046484350397
1328911634363882
1328898227698556
1328899244365121
1328897751031937
1328866444368401
1328838507704528
1328545184400527
1327898804465165
1328473324407713
1328460227742356
1328456057742773
1328428617745517
1328421624412883
1328398011081911
1328346624420383
1328309607757418
1328290977759281
266237039297063
1328255071096205
1328231357765243
1327997354455310
1327897754465270
1327941164460929
1327935877794791
1327894884465557
1327855601136152
1327852607803118
1327811794473866
1327734627814916
1327681977820181
1327653524489693
1327303734524672
1327289331192779
1327340467854332
1327327537855625
1327274564527589
1327296827858696
1327249587863420
1327187361202976
1327140587874320
1326921881229524
1326734771248235
1326860991235613
1326755647912814
1326552221266490
1326747247913654
1326723021249410
1326673061254406
1326618547926524
1326595291262183
1326566667931712
1326554127932966
1325172584737787
1326287964626249
1326274484627597
1326203981301314
1326149801306732
1326015097986869
1326016277986751
1325892191332493
1325170998071279
1325619128026466
1325598951361817
1325582274696818
1325667838021595
1325621111359601
1325576994697346
1325530604701985
1325521318036247
1325351361386576
1325170244738021
1325253291396383
1325180371403675
1325164704738575
1325173008071078
1325153101406402
1325117668076612
1325103651411347
1325062191415493
1325037254751320
1325014104753635
1324990568089322
1324537444801301
1324129951508717
1324698714785174
1324725638115815
1324684828119896
1324655188122860
1324642008124178
1324622498126129
1324597104795335
1323446658243713
1324511224803923
1324474408140938
1324126564842389
1324158521505860
1324166418171737
1323406501581062
1324122758176103
1324062558182123
1323985718189807
1323970078191371
1323932934861752
1323914934863552
1323491358239243
1323614458226933
1323584008229978
1323571621564550
1323511374903908
1323064494948596
1323436604911385
1323411138247265
1323388438249535
1323378914917154
1323098144945231
1323105184944527
1323096938278685
1322858891635823
1323080651613647
1323052084949837
1323013081620404
1323022108286168
1322997744955271
1322882948300084
1322835178304861
1322643928323986
1322552318333147
1321383458450033
1322548978333481
1322551571666555
1322532065001839
1321961328392246
1320929458495433
1322315328356846
1322289615026084
1321966041725108
1320848761836836
1321969081724804
1321965025058543
1321965435058502
1321950545059991
1321867771734935
1320928128495566
1321750168413362
1321533568435022
1320847028503676
1321435091778203
1321452245109821
1321408535114192
1321344765120569
1321033768485002
1321249511796761
1321266605128385
1321016005153445
1321049551816757
1320965568491822
1320943205160725
1320931681828544
1320947178493661
1320909818497397
1320854805169565
1320837361837976
1320784915176554
1320757771845935
1320738291847883
1320498635205182
1320482391873473
1320470141874698
1320285998559779
1320427225212323
1320425998545779
1320361121885600
1320299618558417
1320261878562191
1320242078564171
1319883198600059
1319904121931300
1319898861931826
1319902375264808
1319823185272727
1319778335277212
1319740951947617
1319721735282872
1319529008635478
1317432172178495
1319392685315777
1319419518646427
1319405791981133
1319424638645915
1319365881985124
1319327821988930
1319262691995443
1319225338665845
1319203618668017
1318980138690365
1317431675511878
1318920682029644
1318887535366292
1318804058707973
1317515652170147
1317521608836218
1318621925392853
1318410598747319
1318590488729330
1318343608754018
1317430068845372
1318127072109005
1318121222109590
1318221092099603
1318183752103337
1318098095445236
1318056505449395
1317994015455644
1317765925478453
1317740782147634
1317427372178975
1317621695492876
1317611195493926
1317608915494154
1317603658828013
1317586232163089
1317544085500637
1317541482167564
1317460988842280
1317439135511132
1317419418846437
1317232482198464
1317131662208546
1317144612207251
1317137038874675
1317106415544404
1317092508879128
1317048265550219
1316985555556490
1316941948894184
1316781698910209
1316665358921843
1316670035588042
1316644892257223
1316594682262244
1316616485593397
1316593275595718
1316582472263465
1316556622266050
1316533118935067
1316514115603634
1316443148944064
1316420568946322
1316224502299262
1316185882303124
1315564069031972
1316112448977134
1316120792309633
1316116608976718
1316009575654088
1315943842327328
1315911525663893
1315726885682357
1315684809019898
1315563305698715
1315588579029521
1315572695697776
1309753049613074
1238003206911661
1315545412367171
1315512965703749
1315417675713278
1315401725714873
1315136885741357
1314959589092420
1314136725841373
1314880655766980
1314172852504427
1314792135775832
1314729242448788
1314703912451321
1314163215838724
1314416475813398
1314345295820516
1314135492508163
1314160395839006
1314133129175066
1314201262501586
1314117805843265
1314050742516638
1314036759184703
1313789275876118
1313701675884878
1313602545894791
1313642935890752
1313573232564389
1313588915896154
1313568199231559
1313512505903795
1313435035911542
1313410509247328
1313216035933442
1313169005938145
1312995185955527
1313132732608439
1313092392612473
1313087232612989
1313064045948641
1312997222621990
1312906302631082
1312919229296456
1312680322653680
1312677955987250
1312521919336187
1312533592668353
1312555345999511
1312550349333344
1309687932952919
1312541422667570
1312521942669518
1312497269338652
1312485552673157
1312424039345975
1312403199348059
1311106402811072
1312160922705620
1312047486050297
1312051126049933
1312041792717533
1312036412718071
1312031592718553
1312019916053054
1312005119387867
1311940556060990
1311838992737813
1311105502811162
1311616436093402
1311507129437666
1311513116103734
1311499746105071
1309609896294056
1311432282778484
1311304456124600
1311280102793702
1311362069452172
1311267939461585
1311299839458395
1311102786144767
1311095716145474
1310357692885943
1310993329489046
1310962529492126
1310843702837342
1310777859510593
1310560912865621
1310559672865745
1310353992886313
1310434336211612
1310416662880046
1310402649548114
1310332126221833
1310319972889715
1310264082895304
1310177702903942
1310134809574898
1309957552925957
1309764752945237
1309816246273421
1309806526274393
1309778812943831
